10001100000010000000000000000000
0
0
0
10001100000010010000000000000001
0
0
0
10001100000010100000000000000010
0
0
0
10001100000010110000000000000011
0
0
0
10001100000011000000000000000100
0
0
0
00000001000010010100000000100000
0
0
0
00000001000010100100000000100000
0
0
0
00000001000010110100000000100000
0
0
0
00000001000011000100000000100000
0
0
0
10001100000010010000000000000101
0
0
0
10001100000010100000000000000110
0
0
0
10001100000010110000000000000111
0
0
0
10001100000011000000000000001000
0
0
0
10001100000011010000000000001001
0
0
0
00000001000010010100000000100000
0
0
0
00000001000010100100000000100000
0
0
0
00000001000010110100000000100000
0
0
0
00000001000011000100000000100000
0
0
0
00000001000011010100000000100000
0
0
0
10001100000010010000000000001010
0
0
0
10001100000010100000000000001011
0
0
0
10001100000010110000000000001100
0
0
0
10001100000011000000000000001101
0
0
0
10001100000011010000000000001110
0
0
0
00000001000010010100000000100000
0
0
0
00000001000010100100000000100000
0
0
0
00000001000010110100000000100000
0
0
0
00000001000011000100000000100000
0
0
0
00000001000011010100000000100000
0
0
0
10001100000010010000000000001111
0
0
0
10001100000010100000000000010000
0
0
0
10001100000010110000000000010001
0
0
0
10001100000011000000000000010010
0
0
0
10001100000011010000000000010011
0
0
0
00000001000010010100000000100000
0
0
0
00000001000010100100000000100000
0
0
0
00000001000010110100000000100000
0
0
0
00000001000011000100000000100000
0
0
0
00000001000011010100000000100000
0
0
0
10001100000010010000000000010100
0
0
0
10001100000010100000000000010101
0
0
0
10001100000010110000000000010110
0
0
0
10001100000011000000000000010111
0
0
0
10001100000011010000000000011000
0
0
0
00000001000010010100000000100000
0
0
0
00000001000010100100000000100000
0
0
0
00000001000010110100000000100000
0
0
0
00000001000011000100000000100000
0
0
0
00000001000011010100000000100000
0
0
0
10001100000010010000000000011001
0
0
0
10001100000010100000000000011010
0
0
0
10001100000010110000000000011011
0
0
0
10001100000011000000000000011100
0
0
0
10001100000011010000000000011101
0
0
0
00000001000010010100000000100000
0
0
0
00000001000010100100000000100000
0
0
0
00000001000010110100000000100000
0
0
0
00000001000011000100000000100000
0
0
0
00000001000011010100000000100000
0
0
0
10101100000010000000000000011110
